--Tento znak "--" znamená, že príkazový riadok je v režime komentára.
--Pre spustenie SQL príkazu musíte odstrániť znak "--" a stlačiť tlačidlo "Execute".
--Jednotlivé príkazové riadky musíte púšťať po jednom (Limit rozhrania).
--Po vykonaní príkazu ho dáte späť do režimu komentára a následné púštate ďalší
--Riešime to takto, lebo vrstva v použiteľnom stave má vyše 100Mb a max čo viem nahrať na GitHub je 25Mb.
--Aspoň si vyskúšate niečo nové (sorry).


--Tieto SQL príkazy pridajú vrstve "obec_0" 4 nové atribúty.
--ALTER TABLE obec_0 ADD COLUMN "regionCRID" INTEGER;
--ALTER TABLE obec_0 ADD COLUMN "regionCRName" TEXT(30);
--ALTER TABLE obec_0 ADD COLUMN "polyColorHex" TEXT(30);
--ALTER TABLE obec_0 ADD COLUMN "regionCRNameMap" TEXT(30);


--Tieto SQL príkazy pridajú vrstve 4 novým atribútom príslušné hodnoty.
--UPDATE obec_0 SET "regionCRID"= 1, "regionCRName" = 'Bratislavský', "polyColorHex" = '#a9a9a9', "regionCRNameMap" = '01 Bratislavský' WHERE idn4 IN (507849,508250,529397,528595,529311,529320,545333,529401,507857,507873,507881,508276,507911,529419,529427,508047,508071,529346,529354,507938,503681,503894,555495,529362,529371,529389,507831,507989,508101,508110,508314,508322,507822,507814,508179,508233,508217,529338,529443,529460,529494,503797,503819,503801,503851,503983,507806,508331,507865,507946,508080,508098,508136,508187,508209,508225,508268,508284,508292,508306,555487,555509,529435,582549);
--UPDATE obec_0 SET "regionCRID"= 2, "regionCRName" = 'Podunajský', "polyColorHex" = '#2f4f4f', "regionCRNameMap" = '02 Podunajský' WHERE idn4 IN (582361,501620,501964,555720,501034,501042,501069,501107,501123,501158,501191,501212,501221,501247,501271,501310,501352,501361,501409,501425,501450,501484,501492,501506,501514,501549,501557,501603,501638,501662,501671,501689,501697,501719,501727,501786,501808,501816,501832,501875,501883,501891,501913,501930,501999,503100,502022,503576,503185,503207,503231,503312,503339,503347,503401,503436,503461,503525,503541,503550,503568,503584,507903,555606,555827,555541,555649,555665,555673,555746,555819,556033,556092,580554,580597,582522,501760,555568,580911,501174,501182,501204,501735,555576,501611,501778,501239,501654,555517,503037,501077,501140,501379,501387,501395,501344,501743,501115,501026,501166,501255,501280,501301,501328,501336,501417,501433,501468,501522,501531,501573,501581,501590,501824,501859,501867,501905,502006,502014,501441,501972,501981,503088,503240,503258,507997,501956,501701,501921,503061,501085,501093,503355,501263);
--UPDATE obec_0 SET "regionCRID"= 3, "regionCRName" = 'Záhorský', "polyColorHex" = '#2e8b57', "regionCRNameMap" = '03 Záhorský' WHERE idn4 IN (508021,508039,556114,504459,504874,504882,504904,504815,507890,504670,508055,508349,504220,504599,504611,504939,504947,500267,504891,504327,504238,504262,504289,504297,504912,508012,504467,504203,504696,504700,504530,504556,504653,504742,504769,504335,504351,504360,504378,504386,504394,504416,504572,504521,504840,504491,504513,504645,507962,508195,508381,508161,504726,504858,504548,504564,504211,504271,504319,504343,504432,504475,504483,504602,504629,504637,504718,504734,504777,504823,504831,504963,504980,507954,508063,508241,508365,556122,556131);
--UPDATE obec_0 SET "regionCRID"= 4, "regionCRName" = 'Dolnopovažský', "polyColorHex" = '#7f0000', "regionCRNameMap" = '04 Dolnopovažský' WHERE idn4 IN (558338,580473,556581,556513,556688,503924,504131,506885,507512,506982,507601,504173,503690,507555,506893,507687,507709,507725,503665,503771,503835,503746,503932,504122,504068,504076,503975,504106,504017,504025,556530,506745,506788,507121,507156,503703,503878,507288,507296,507342,506818,507440,507466,507482,506869,506877,507750,507768,506940,507571,506311,507351,506991,507024,507032,507067,506923,507636,504033,556521,507202,504114,507199,500241,500739,503789,503827,503673,503711,503720,503754,503762,503843,503860,503886,503959,503967,503991,504041,504050,504084,504149,504157,504165,504181,504190,506249,506516,506796,506800,506826,506834,506842,506851,506915,506931,506958,506966,507008,507059,507075,507130,507164,507172,507211,507229,507253,504092,507318,507326,507369,507385,507415,507431,507491,507521,507539,507563,507661,507679,507741,507776,507792,556556,556564,518620,556572,506257,555754,555789,555878,556483,556491,556548,556602,556611,556645,556653,556661,556670,558354,558397,581020,581399,581488,504009,582638,556599,507041);
--UPDATE obec_0 SET "regionCRID"= 5, "regionCRName" = 'Strednopovažský', "polyColorHex" = '#808000', "regionCRNameMap" = '05 Strednopovažský' WHERE idn4 IN (504866,505960,505978,506184,506141,506150,556475,557404,505901,506125,506672,506371,506109,506087,504661,504793,504971,504254,504408,504424,504581,505846,505943,506010,506079,506338,506401,505871,506524,506532,505897,506559,506567,506648,506095,506273,506281,557391,505820,506508,506036,506303,512851,545741,506591,506605,506028,506443,506265,512931,506052,506061,506206,506231,506290,506354,506419,506427,506478,506541,506583,506613,506630,506656,513385,513407,512885,513091,513156,513253,513296,513351,513440,513598,513725,513776,513865,557412,513024,505889,506346,546682,556424,556441,556459,557625,581348,506435,557617,557421,582301,506133,513016,506168,545686,504688,505838,505854,505919,505935,505951,505994,506001,506044);
--UPDATE obec_0 SET "regionCRID"= 6, "regionCRName" = 'Nitriansky', "polyColorHex" = '#800080', "regionCRNameMap" = '06 Nitriansky' WHERE idn4 IN (500151,580899,555924,555932,556696,500976,500925,580937,500135,555908,500933,555843,503169,500691,500950,502731,503371,503495,503509,581097,500917,500500,500968,500283,500305,500364,545635,500470,500488,500011,500046,500062,500372,500381,582816,500461,500569,500631,500640,500658,500674,500682,500721,500747,500755,500810,500828,500836,500887,500895,500909,500992,501018,502057,502111,502120,502324,502383,502413,502421,503053,502511,502464,502707,502804,502812,502821,502910,502979,502987,502995,503011,503118,503487,500844,500194,502227,500593,502031,502588,503380,503649,502596,555886,556025,502880,503002,503223,500429,500437,500941,545589,500232,500020,500071,500101,500127,500160,500313,500321,500356,500399,500402,500411,500453,500518,500534,500542,500551,500577,500585,500607,500666,500704,500712,500780,500798,500984,502049,502065,502090,502103,502162,502171,502197,502219,502251,502260,502294,502332,502341,502359,502391,502430,502456,502472,502481,502502,502537,502570,502600,502618,502634,502651,502669,502677,502693,502758,502766,502791,502847,502863,502898,502936,502952,502961,503029,503045,503070,503096,503126,503134,503151,503177,503193,503215,503266,503274,503282,503291,503321,503398,503452,503479,503517,503533,503606,503614,503631,517305,556777,581160,545350,555851,555860,555916,555959,555967,555991,556050,556785,558320,581135,581623,581691,582387,582425,582697,582719,503363,503592);
--UPDATE obec_0 SET "regionCRID"= 7, "regionCRName" = 'Hornonitriansky', "polyColorHex" = '#ff0000', "regionCRNameMap" = '07 Hornonitriansky' WHERE idn4 IN (556190,556211,556238,556246,556262,556289,556351,556416,556742,556793,580449,580953,581305,581704,514390,505251,513938,505595,542822,543047,542652,542792,542881,556220,557714,581658,556327,542717,542938,543101,505048,557706,514101,505498,505510,505536,514004,514381,514284,514292,505641,505561,505625,505315,505633,580457,543071,514110,505731,514209,505285,505234,505463,505714,505471,505552,504998,505021,505421,505242,505358,505374,505340,505153,513881,514136,514144,514225,514233,514250,514357,514411,514420,542857,505722,513954,513962,513971,513997,514098,513903,514268,514331,542920,542954,543110,543136,542962,542971,543004,543039,505765,556173,543055,505811,514021,556360,505056,505196,505200,505439,505447,505064,556408,505072,505102,505129,505137,505170,505226,505277,505307,505323,505331,505382,505404,505412,505455,505480,505544,505579,505617,505676,505684,505692,505706,505749,505757,505773,505790,543063,543080,513911,513920,513946,513989,514012,514039,514063,514071,514080,514128,514179,514438,556297,514187,514217,514241,514306,514314,514322,514349,514365,514373,514403,514454,556271,542890,505803,542661,542695,542709,542733,542741,542776,542806,542849,542873,545651,556149,556157,556165);
--UPDATE obec_0 SET "regionCRID"= 8, "regionCRName" = 'Severopovažský', "polyColorHex" = '#ffa500', "regionCRNameMap" = '08 Severopovažský' WHERE idn4 IN (517640,557447,557960,509175,509281,509434,509469,517704,513474,517755,517992,500348,509159,509167,509183,509205,509221,509230,509264,509272,509329,509361,509370,509426,509442,509451,509477,509493,509531,547590,512915,512958,512966,513008,513083,513121,513172,513245,513687,513318,513326,513334,513377,513466,513563,513601,513741,513814,547522,547557,517577,518077,517470,517488,517500,517518,517526,517542,517593,517623,517631,517658,517682,517691,517712,517721,517739,517763,517771,517798,517828,517895,517950,517976,517984,518000,518034,518131,518913,546640,557633,557501,557595,557439,557471,557480,557498,557510,557552,557579,557935,557986,558168,580856,580864,581712,509523,517801,517496,517461,518042,518051,518069,518085,518093,517780,517674,517941,509248,557561,557609,557994,509345,517925,509132,581984,558222,509213,509256,509299,509302,509311,509337,557692,509485,547620,509507,509515,509396,509400,512940,513300,513822,547611,512842,513342,580791,513610,513784,517879,517933,517402,517429,517551,517861,517917,517968,518018);
--UPDATE obec_0 SET "regionCRID"= 9, "regionCRName" = 'Turčiansky', "polyColorHex" = '#ffff00', "regionCRNameMap" = '09 Turčiansky' WHERE idn4 IN (512061,512087,512117,512150,512168,512206,512257,512044,512125,512427,512133,512141,512265,512290,512311,512451,512338,512346,512371,512389,512435,512486,512494,512524,512541,512559,512575,512591,512621,512656,512664,512672,512702,512711,512737,512753,512761,512788,512818,512834,545961,512354,512796,557358,512648,512478,512443,512419,512729,512109,512583,512052,512320,512460,512079,512222,512605,512613,512397,512036,512214,512303,512508,512681,512699,512630,512273,512567,512095);
--UPDATE obec_0 SET "regionCRID"= 10, "regionCRName" = 'Oravský', "polyColorHex" = '#0000cd', "regionCRNameMap" = '10 Oravský' WHERE idn4 IN (509710,510084,509566,510181,509949,509558,509591,509663,509698,509701,509728,509744,509761,509787,509825,509850,509892,509922,509931,509981,510009,510017,510050,510076,510092,510149,510157,510238,510246,510254,518719,509833,509990,580813,509582,509868,510173,509884,509540,509639,509655,509906,509671,509680,509779,509795,509914,509957,509973,510025,510033,510165,510190,510203,510211,509809,509817,510041,510106,510114,509876,509604,509965);
--UPDATE obec_0 SET "regionCRID"= 11, "regionCRName" = 'Liptovský', "polyColorHex" = '#7fff00', "regionCRNameMap" = '11 Liptovský' WHERE idn4 IN (510513,507393,507407,507300,510301,510548,510319,510271,510327,510335,510386,511056,510416,510441,510505,510530,510564,510572,510581,510599,511064,510602,510611,510670,510696,510700,510718,510742,510751,510815,510831,510840,510866,510874,510912,510921,510947,510955,510971,511030,511048,511099,511111,511145,511153,511188,511196,556807,580287,511072,511102,511005,510653,558281,510637,510823,510963,510424,510904,510408,510726,510734,510777,510785,510793,510807,510858,510998,511013,511129,511200,510262,510629,510661,510521,510688,510351,511170,510459,510467,511137);
--UPDATE obec_0 SET "regionCRID"= 12, "regionCRName" = 'Ipeľský', "polyColorHex" = '#4169e1', "regionCRNameMap" = '12 Ipeľský' WHERE idn4 IN (518735,518425,515990,516082,518212,518514,511544,558273,518751,518841,518867,518883,518999,511781,511811,512001,558192,557307,557331,558206,558214,580309,580317,511609,511676,511714,581895,502278,516210,516112,518557,511439,516520,516058,515515,511919,557340,511340,511668,518301,518905,516252,516490,518956,515965,515922,515949,516228,511234,511501,516040,518417,582051,502782,516121,511226,511528,516431,516384,557323,502073,502154,502189,502201,511218,518531,511862,502243,502286,502448,502499,502626,502715,502367,502375,502642,502944,502723,502740,502871,502928,511251,511404,557315,511269,511277,511293,511331,511358,511366,511374,511391,511447,511463,511480,511536,511579,511595,511617,511625,511641,511684,511692,511706,511722,511773,511790,511803,511820,511838,511854,511871,511889,511897,511901,511927,511978,512010,514918,516007,516422,515850,515868,515876,515884,515906,515931,515957,515973,516015,516023,516031,516066,516091,516104,516139,516155,516163,516171,516198,516236,516244,516261,516279,516287,516309,516317,511421,516333,516341,511315,511471,511498,516376,511552,511561,511749,511757,511765,511846,511943,511994,516392,511323,516449,516457,516465,516503,516511,516562,518832,518310,518336,518344,518387,518409,518433,518441,518484,515591,518565,515914,515981,514900,516074,516414,516295,516538,516546,516554,516571,516368,516473,515892,518603,518701,516406,516147,518239,518247,518255,518280,518352,518573,518611,518646,518743);
--UPDATE obec_0 SET "regionCRID"= 13, "regionCRName" = 'Gemerský', "polyColorHex" = '#00ffff', "regionCRNameMap" = '13 Gemerský' WHERE idn4 IN (515370,515469,515566,515582,514632,515299,515248,515710,525731,514624,515272,525600,525529,525634,525669,525987,525995,526037,526118,525901,526142,526312,526339,525570,525791,525812,525928,526096,526088,557927,526151,525626,525537,526070,526126,526207,514641,525898,515671,515698,515728,515752,526231,526274,557919,514501,514519,514535,514543,514551,514616,514586,514594,514608,514659,514667,514683,514691,514713,514985,514730,514756,514764,514781,514811,514837,514845,514853,514896,514934,514942,514977,514993,515001,515019,515027,515035,515078,515086,515094,515108,515116,515124,515132,515141,515159,515167,515183,515205,515230,515256,515281,515302,515337,515345,515361,515388,515396,515426,515442,515451,515493,515531,515574,515604,515621,515639,515647,515655,515663,515701,515795,515353,525545,525553,525596,525677,525685,525693,525707,525715,525723,525766,525774,525839,525847,525871,525944,525961,526002,526011,526029,526045,526053,526061,526100,526134,526177,526215,526258,526282,526304,526321,526347,525821,557757,557765,557790,557811,557820,557854,557889,560031,525561,525642,525651,525740,525758,525782,525855,525863,525910,525936,526193,526223,526240,526266,560022,560065,514861,525952,560049,580384,514799,515841,514721,515507,515523,515779,515060,515817,557901,526185,515175,514462,514489,514578,514748,514829,514870,514888,514926,514951,514969,515043,515051,515311,515400,515612,515680,515736,515744,515761,515809,514675,515485,515264,515540,515833);
--UPDATE obec_0 SET "regionCRID"= 14, "regionCRName" = 'Horehronský', "polyColorHex" = '#00bfff', "regionCRNameMap" = '14 Horehronský' WHERE idn4 IN (509060,509086,508721,508578,508977,508969,508896,508926,508951,508446,508471,508535,508551,508560,508586,508594,508608,508616,508632,508641,508675,508705,508713,508730,508756,508764,508772,508799,508802,508829,508845,508853,508934,557251,508942,508985,508993,509001,509019,509027,509035,509094,509124,557277,508691,557285,557293,580236,580244,557269,508667,508659,508543,508918,508438,508489,508497,508519,508527,508624,508748,508811,508861,508781,508837,508888,508900,508454,508462,509043,509051,508870);
--UPDATE obec_0 SET "regionCRID"= 15, "regionCRName" = 'Pohronský', "polyColorHex" = '#ff00ff', "regionCRNameMap" = '15 Pohronský' WHERE idn4 IN (518174,518824,518760,518581,518689,516724,516953,517313,516902,581747,518476,516732,518930,516597,516601,516627,516651,516678,516708,516716,516767,516791,516805,516813,516821,516830,516848,516856,516872,516881,516937,516945,516988,516996,517011,517020,517046,517071,517119,517135,517143,580520,517160,517178,517186,517216,517232,517241,517259,517267,517291,517330,517356,517364,517399,518191,518204,518221,518361,518379,518492,518549,518654,518671,518697,518794,518875,518891,518972,518981,558087,558133,580546,581585,581607,599336,518921,516589,517283,518468,517194,599328,511510,516759,517038,516660,511731,516643,517097,516961,516970,517062,517127,517348,517372,517381,517089,518158,518166,518263,518271,518298,518450,518506,518662,516741,518727,518808,518816);
--UPDATE obec_0 SET "regionCRID"= 16, "regionCRName" = 'Tatranský', "polyColorHex" = '#db7093', "regionCRNameMap" = '16 Tatranský' WHERE idn4 IN (523518,523526,523534,523682,523747,523763,523780,523798,523470,523381,523631,523658,526665,526720,526754,526762,526771,526789,526851,526860,526975,527041,527068,527092,524115,523810,523852,526983,523585,523593,526797,581241,560103,580368,526801,526703,527009,559890,526894,524093,523399,523429,523437,523445,523461,523488,523496,523500,523542,523569,523577,523607,523615,523623,523674,523712,523721,523739,523771,523801,523861,523909,523950,523992,524051,524085,523836,523844,524131,526673,526681,526690,526711,526738,526746,526819,526827,526835,526843,526878,526886,526908,526924,526932,526941,526959,526967,526991,527017,527033,527050,527076,527084,526916,524000,524018,524034,524042,524069,524077,523402,523411,523828,559938,523879,523887,523925,523933,523976,523984,524026,524123,527025,524107);
--UPDATE obec_0 SET "regionCRID"= 17, "regionCRName" = 'Spišský', "polyColorHex" = '#f0e68c', "regionCRNameMap" = '17 Spišský' WHERE idn4 IN (543250,526398,543268,526291,526355,526509,526533,526631,526461,526401,526584,543438,543497,543501,543535,543551,543560,543578,543233,543241,543292,543331,543357,543365,543373,543411,543446,543624,543659,543691,543195,543161,560154,543471,543144,543152,543489,543187,543209,543527,581640,543225,543276,543306,543462,543721,543390,543420,525618,526380,526410,526428,526479,526525,526363,526371,526436,526444,526452,526487,526495,526541,526550,526568,526606,526614,526649,526657,543683,543314,543403,543454,543179,543322,543381,543519,543586,543641,543675,543705,543608,543616,543632,543667,543713,543284,526576,543594,526517,526592,543349);
--UPDATE obec_0 SET "regionCRID"= 18, "regionCRName" = 'Košický', "polyColorHex" = '#ff1493', "regionCRNameMap" = '18 Košický' WHERE idn4 IN (521264,521272,521396,521493,521787,521825,521931,521949,522007,522074,521329,521574,521299,521302,522023,521663,521680,521671,521698,521736,521892,522040,521337,521507,599891,521558,522171,559831,598224,599824,582093,559687,559784,559865,521141,598127,598119,599841,599913,599786,599816,599883,599859,598194,599018,559873,559881,518107,518115,518140,521167,522082,522091,522163,521159,521175,521183,521191,521205,521213,521221,521469,521477,521485,521523,521540,521566,521582,521639,521591,521604,521612,521655,521701,521728,521752,521761,521779,521795,521809,521817,521833,521841,521868,521884,521906,521850,521914,521922,521957,521965,521981,522015,522031,522066,522104,522121,522139,522155,522180,522198,522201,522210,522244,522252,599310,522261,580252,518123,521248,521256,521281,521345,521353,521361,521370,521388,521400,582514,521418,521426,521442,522147,521744,598208,521973,598186,599875,599794,599093,598216,598682,521311,521876,598151,599972);
--UPDATE obec_0 SET "regionCRID"= 19, "regionCRName" = 'Šarišský', "polyColorHex" = '#ffa07a', "regionCRNameMap" = '19 Šarišský' WHERE idn4 IN (519553,519197,519341,519201,519685,519863,524140,524948,525073,525294,525308,525405,524441,524476,524816,525162,527947,527963,519545,525146,527858,525111,525383,527327,527122,519758,519642,519057,519111,519880,525278,525421,527394,519791,519367,519456,527483,519855,519901,519910,519928,519944,519952,527599,527602,524867,527645,527653,524824,527734,527742,527785,525081,519260,519022,519049,519138,519154,519219,519251,519278,519286,519294,519308,518522,519316,518590,519090,519359,519014,519065,519073,519529,519081,519162,519634,519171,519189,519227,519235,519243,519324,519332,519375,519669,519391,519413,519677,519693,519421,519430,519448,519464,519481,519499,519502,519511,519537,519561,519570,519588,519731,519596,519600,519618,519626,519707,519715,519723,519766,519782,519812,519821,519839,519871,519936,519961,519979,519987,519995,527891,524735,524832,524883,524654,559971,527424,524158,524174,524182,524191,524212,524263,524913,524921,524271,524450,524204,524221,524964,524239,524247,524255,524280,524298,524301,524310,525065,524336,524344,524352,524361,524328,524379,524387,524522,524395,524409,524417,524425,524433,524468,524531,524492,524697,524506,524514,524701,524549,524557,524565,524573,524581,524590,524611,524620,524638,524646,525316,524662,524671,524689,524743,524760,524778,524786,524794,524808,524841,524875,524905,524930,524956,524981,524999,525006,525014,525022,525031,525049,525057,525090,525138,525154,525171,525189,525197,525219,525235,525243,525251,525260,525286,525332,525103,525341,525359,525367,525375,525391,525413,525430,525448,525456,518964,525472,525499,525502,525511,525324,527351,527220,527238,528030,527246,527360,527254,527271,527319,524603,527106,527696,527131,527149,527211,527301,527491,527505,527548,527556,527564,527670,527688,527751,527769,527777,527807,527831,527882,527874,527904,528056,527955,528064,528072,528081,527629,519740,519405,519383,519804,519472,519774,556823,559989,580601,525201,524727,527661,519103,525120,527441,524751,527432,527459,519847,527378,519006);
--UPDATE obec_0 SET "regionCRID"= 20, "regionCRName" = 'Hornozemplínsky', "polyColorHex" = '#ee82ee', "regionCRNameMap" = '20 Hornozemplínsky' WHERE idn4 IN (520331,520471,520829,521051,520209,520128,520616,523101,527343,529265,527971,527823,527165,528927,529133,527114,529281,544051,518638,581674,520055,527718,520764,559636,520951,527815,528021,527939,529061,544094,528935,520543,520985,529087,529231,520136,520152,520667,527157,544221,559644,582140,520446,521086,527998,520349,520021,544175,520225,520233,527611,544191,527700,544205,527726,544132,520535,520641,520659,520675,520781,521027,529273,520853,528951,520900,520357,520071,520039,520993,520080,520110,520098,544086,520101,520179,520187,520195,520284,520217,520250,520268,520276,520314,520322,520365,520381,521001,520004,520012,520390,520403,520411,520438,520454,521043,520462,520489,520497,520501,521060,520519,520527,520551,520560,520578,520586,520594,520624,520632,520683,520691,520705,520713,520721,520730,520748,520772,520802,520811,520845,520861,520870,520888,520896,520918,520926,520934,520942,520977,521019,521035,521078,527467,521108,521116,529206,560073,527408,527521,527262,527335,527173,527181,527190,527203,527297,527386,527513,527530,527581,527637,527793,528013,527840,527866,527912,527921,527980,528005,528048,528731,528790,527416,527289,527475,528978,527572,529001,528749,528765,528773,528781,528803,528811,528820,528838,528871,528846,528889,528854,528862,528897,528901,528919,528943,528960,528986,528994,529028,529036,529044,529052,529079,529095,529184,529109,529117,529125,529141,529150,529168,529249,529176,529192,529257,529214,529222,529290,544078,544108,544116,544141,544159,544167,544183,544213,544230,559547,559598,559610,520241,528757,529010,544124,544060,559652,520292,520161,520063,520373);
--UPDATE obec_0 SET "regionCRID"= 21, "regionCRName" = 'Dolnozemplínsky', "polyColorHex" = '#98fb98', "regionCRNameMap" = '21 Dolnozemplínsky' WHERE idn4 IN (543951,522279,522325,522457,522759,522961,528625,522341,522589,522724,522945,523241,523372,528404,528501,528536,528552,528161,528242,528366,543993,544001,528722,528137,528340,543845,543900,543977,543772,543853,543861,528633,522422,543799,544019,522309,522741,523143,522384,522392,528463,522899,523305,528617,522376,528251,528099,528421,528447,523321,522546,523208,523313,528234,528714,522813,523330,523127,522473,522864,543781,513831,513849,513857,543888,543934,543942,523046,522350,522449,522465,522597,523038,523119,523356,523194,522287,522295,522317,522333,522368,522406,523216,522414,522431,522481,522490,523224,522503,522511,522520,522554,523232,522562,522538,522571,522601,522627,522635,522643,522651,522660,522678,522686,522694,522708,522716,522732,522767,522783,522791,522805,522830,522848,522856,522872,522881,522902,522911,522929,522937,522953,522970,522988,522996,523003,523011,523020,523054,523062,523071,523089,523097,523135,523151,523160,523178,523186,523259,523267,523275,523283,523291,523364,528102,528111,528129,528145,528153,528170,528188,528200,528218,528226,528269,528277,528293,528307,528315,528323,528331,528358,528374,528382,528391,528412,528439,528471,528480,528498,528510,528528,528544,528561,528579,528587,528609,528641,528650,528668,528676,528684,528692,528706,543730,543748,543756,543764,543802,543811,543829,543870,543896,543918,543926,543969,543985,544035,544043,528285,544027,522821,528455,523348,513792,513806);

--Tento príkaz je kontrolný, ak jeho výsledkom je tabuľka obsahujúca 21 regiónov CR, tak to máté správne.
--SELECT DISTINCT("regionCRID"),  "regionCRName" FROM obec_0 ORDER BY "regionCRID"

--Týmto príkazom si načítate novú vrstvu
--SELECT * FROM obec_0
--Pokračujte ďalej podľa pokynov na GitHube.
